78
17
10
75
8
5
7
90
80
10
93
98
9
11
20
30
4
76
63
0
20
14
53
59
89
57
39
71
38
37
90
70
90
66
53
12
76
24
76
51
69
58
12
92
59
81
99
75
74
80
29
93
19
28
38
48
8
25
28
37
36
68
61
68
26
71
44
56
9
17
72
24
3
9
6
64
8
86
71
1
53
9
52
97
89
19
0
39
63
79
66
96
94
43
59
50
11
57
20
99
97
96
0
52
86
51
27
23
23
47
74
88
22
83
14
36
37
71
4
73
92
57
60
38
76
50
98
72
10
58
97
39
68
42
97
11
90
3
21
70
12
99
0
4
60
17
34
83
21
51
40
10
2
21
25
29
96
85
7
54
41
11
92
64
92
53
50
65
84
25
0
50
79
46
16
95
97
73
52
51
75
71
44
55
42
81
42
68
43
46
19
56
50
48
83
32
39
24
0
39
67
35
71
25
71
7
33
22
34
38
2
75
50
83
12
17
56
38
85
53
71
18
80
18
8
79
94
37
28
37
56
90
89
61
18
50
31
60
75
34
2
0
0
21
33
39
54
94
31
74
52
3
21
82
38
37
